<?xml version="1.0" encoding="UTF-8" standalone="no"?>
<!DOCTYPE svg PUBLIC "-//W3C//DTD SVG 20010904//EN"
              "http://www.w3.org/TR/2001/REC-SVG-20010904/DTD/svg10.dtd">

<svg xmlns="http://www.w3.org/2000/svg"
     width="1.30556in" height="2.34722in"
     viewBox="0 0 94 169">
  <path id="Unnamed"
        fill="none" stroke="black" stroke-width="1"
        d="M 72.25,8.00
           C 72.25,8.00 66.00,14.75 66.00,14.75
             66.00,14.75 66.00,19.50 66.00,19.50
             66.00,19.50 62.00,23.00 62.00,23.00
             62.00,23.00 62.50,26.50 62.50,26.50
             62.50,26.50 64.25,28.75 64.25,28.75
             64.25,28.75 60.00,33.50 60.00,33.50
             60.00,33.50 66.50,39.00 66.50,39.00
             66.50,39.00 83.25,83.00 83.25,83.00
             83.25,83.00 80.00,87.25 80.00,87.25
             80.00,87.25 80.75,92.25 80.75,92.25
             80.75,92.25 78.75,94.75 78.75,94.75
             78.75,94.75 76.00,95.50 76.00,95.50
             76.00,95.50 88.25,116.00 88.25,116.00
             88.25,116.00 87.25,118.75 87.25,118.75
             87.25,118.75 79.50,114.50 79.50,114.50
             79.50,114.50 71.25,111.00 71.25,111.00
             71.25,111.00 68.75,139.50 68.75,139.50
             68.75,139.50 69.25,153.25 69.25,153.25
             69.25,153.25 80.50,162.50 80.50,162.50
             80.50,162.50 80.25,164.75 80.25,164.75
             80.25,164.75 69.25,163.75 69.25,163.75" />
</svg>
