<?xml version="1.0" encoding="UTF-8" standalone="no"?>
<!DOCTYPE svg PUBLIC "-//W3C//DTD SVG 20010904//EN"
              "http://www.w3.org/TR/2001/REC-SVG-20010904/DTD/svg10.dtd">

<svg xmlns="http://www.w3.org/2000/svg"
     width="1.96684in" height="1.65848in"
     viewBox="0 0 236 199">
  <path id="Unnamed"
        fill="none" stroke="black" stroke-width="1"
        d="M 149.25,11.75
           C 149.25,11.75 149.50,24.75 149.50,24.75
             149.50,24.75 182.75,32.75 182.75,32.75
             182.75,32.75 182.25,25.25 182.25,25.25
             182.25,25.25 185.00,20.00 185.00,20.00
             185.00,20.00 196.00,20.50 196.00,20.50
             196.00,20.50 202.00,26.25 202.00,26.25
             202.00,26.25 198.50,28.25 198.50,28.25
             198.50,28.25 197.75,31.50 197.75,31.50
             197.75,31.50 198.25,35.25 198.25,35.25
             198.25,35.25 226.75,34.00 226.75,34.00
             226.75,34.00 231.50,39.50 231.50,39.50
             231.50,39.50 233.75,47.25 233.75,47.25
             233.75,47.25 229.50,52.50 229.50,52.50
             229.50,52.50 225.50,55.25 225.50,55.25
             225.50,55.25 215.75,47.75 215.75,47.75
             215.75,47.75 202.25,51.50 202.25,51.50
             202.25,51.50 192.50,52.25 192.50,52.25
             192.50,52.25 177.75,49.75 177.75,49.75
             177.75,49.75 152.25,46.00 152.25,46.00
             152.25,46.00 147.25,48.50 147.25,48.50
             147.25,48.50 121.00,80.75 121.00,80.75
             121.00,80.75 159.25,106.75 159.25,106.75
             159.25,106.75 159.75,117.00 159.75,117.00
             159.75,117.00 151.50,122.50 151.50,122.50
             151.50,122.50 143.00,125.75 143.00,125.75
             143.00,125.75 130.00,126.50 130.00,126.50
             130.00,126.50 126.75,130.25 126.75,130.25 Z" />
</svg>
