<?xml version="1.0" encoding="UTF-8" standalone="no"?>
<!DOCTYPE svg PUBLIC "-//W3C//DTD SVG 20010904//EN"
              "http://www.w3.org/TR/2001/REC-SVG-20010904/DTD/svg10.dtd">

<svg xmlns="http://www.w3.org/2000/svg"
     width="1.05843in" height="1.89183in"
     viewBox="0 0 127 227">
  <path id="Unnamed"
        fill="none" stroke="black" stroke-width="1"
        d="M 62.25,1.00
           C 62.25,1.00 68.25,8.00 68.25,8.00
             68.25,8.00 68.75,16.75 68.75,16.75
             68.75,16.75 65.25,23.25 65.25,23.25
             65.25,23.25 71.75,29.75 71.75,29.75
             71.75,29.75 82.50,37.50 82.50,37.50
             82.50,37.50 83.75,48.00 83.75,48.00
             83.75,48.00 82.00,52.00 82.00,52.00
             82.00,52.00 86.25,60.50 86.25,60.50
             86.25,60.50 109.75,59.00 109.75,59.00
             109.75,59.00 114.00,52.50 114.00,52.50
             114.00,52.50 124.50,57.00 124.50,57.00
             124.50,57.00 125.25,65.50 125.25,65.50
             125.25,65.50 119.75,73.00 119.75,73.00
             119.75,73.00 109.50,75.50 109.50,75.50
             109.50,75.50 100.75,80.00 100.75,80.00
             100.75,80.00 86.25,79.75 86.25,79.75
             86.25,79.75 74.50,72.75 74.50,72.75
             74.50,72.75 72.50,83.25 72.50,83.25
             72.50,83.25 76.75,92.75 76.75,92.75
             76.75,92.75 101.00,105.50 101.00,105.50
             101.00,105.50 112.00,121.75 112.00,121.75
             112.00,121.75 111.50,134.00 111.50,134.00
             111.50,134.00 106.75,141.00 106.75,141.00
             106.75,141.00 93.50,147.00 93.50,147.00
             93.50,147.00 75.00,138.00 75.00,138.00
             75.00,138.00 74.25,150.75 74.25,150.75 Z" />
</svg>
